yaw,pitch,roll,voltage,temperature,time
-0.83,0.11,0.15,3.88,72.56,0
-0.83,0.11,0.15,2.97,72.38,49
-0.83,0.11,0.15,2.61,72.38,79
-0.83,0.11,0.15,2.48,72.38,113
-0.83,0.11,0.15,2.42,72.38,145
-0.83,0.11,0.15,2.39,72.38,178
-0.83,0.11,0.15,2.36,72.38,212
-0.83,0.11,0.16,2.37,72.38,244
-0.83,0.11,0.15,2.37,72.38,278
-0.84,0.11,0.16,2.37,72.38,313
-0.84,0.11,0.16,2.38,72.38,344
-0.84,0.11,0.16,2.37,72.38,377
-0.84,0.11,0.16,2.37,72.38,412
-0.84,0.11,0.16,2.38,72.38,444
-0.84,0.11,0.16,2.36,72.38,478
-0.83,0.11,0.16,2.38,72.38,515
-0.84,0.11,0.16,2.38,72.38,547
-0.84,0.11,0.16,2.39,72.38,579
-0.84,0.11,0.16,2.38,72.38,634
-0.84,0.11,0.16,2.38,72.38,669
-0.84,0.11,0.16,2.38,72.38,703
-0.84,0.11,0.16,2.38,72.38,735
-0.84,0.11,0.16,2.37,72.38,765
-0.84,0.11,0.15,2.38,72.38,797
-0.84,0.11,0.15,2.38,72.38,829
-0.84,0.11,0.15,2.38,72.38,861
-0.84,0.11,0.15,2.38,72.38,893
-0.84,0.11,0.15,2.38,72.38,925
-0.84,0.11,0.15,2.38,72.38,957
-0.84,0.11,0.15,2.37,72.38,989
-0.84,0.11,0.17,2.37,72.38,1020
-0.83,0.10,0.17,2.37,72.38,1057
-0.83,0.11,0.15,2.37,72.38,1089
-0.84,0.11,0.13,2.38,72.38,1121
-0.85,0.11,0.11,2.37,72.38,1152
-0.87,0.11,0.13,2.38,72.38,1185
-0.86,0.11,0.15,2.37,72.38,1217
-0.83,0.11,0.16,2.39,72.38,1251
-0.81,0.11,0.15,2.38,72.38,1285
-0.83,0.11,0.15,2.38,72.56,1319
-0.86,0.11,0.15,2.38,72.38,1354
-0.87,0.11,0.13,2.38,72.38,1388
-0.85,0.11,0.13,2.38,72.38,1422
-0.83,0.11,0.14,2.38,72.38,1458
-0.83,0.11,0.15,2.38,72.56,1490
-0.84,0.11,0.15,2.37,72.38,1526
-0.85,0.11,0.14,2.37,72.38,1559
-0.85,0.11,0.13,2.39,72.38,1598
-0.85,0.11,0.13,2.38,72.38,1630
-0.85,0.11,0.14,2.39,72.38,1662
-0.83,0.11,0.15,2.38,72.38,1697
-0.84,0.11,0.13,2.37,72.38,1731
-0.86,0.11,0.10,2.37,72.38,1767
-0.87,0.11,0.13,2.37,72.38,1800
-0.85,0.10,0.16,2.37,72.38,1835
-0.83,0.11,0.15,2.38,72.38,1868
-0.82,0.11,0.13,2.38,72.38,1902
-0.85,0.12,0.13,2.38,72.38,1938
-0.88,0.12,0.15,2.37,72.38,1971
-0.88,0.11,0.15,2.38,72.38,2006
-0.84,0.09,0.17,2.38,72.38,2039
-0.81,0.09,0.16,2.38,72.38,2074
-0.83,0.10,0.15,2.38,72.38,2113
-0.87,0.09,0.15,2.39,72.38,2147
-0.88,0.10,0.14,2.38,72.38,2178
-0.87,0.11,0.12,2.38,72.38,2211
-0.84,0.11,0.13,2.38,72.38,2247
-0.83,0.11,0.15,2.38,72.38,2280
-0.84,0.11,0.16,2.37,72.38,2315
-0.85,0.10,0.14,2.37,72.56,2349
-0.86,0.10,0.13,2.38,72.38,2383
-0.86,0.09,0.13,2.38,72.38,2418
-0.86,0.10,0.13,2.38,72.38,2452
-0.85,0.11,0.15,2.38,72.38,2487
-0.84,0.11,0.17,2.37,72.38,2520
-0.83,0.09,0.20,2.38,72.38,2554
-0.84,0.09,0.15,2.37,72.38,2590
-0.85,0.09,0.13,2.37,72.38,2623
-0.87,0.11,0.10,2.38,72.38,2662
-0.87,0.11,0.09,2.37,72.38,2695
-0.86,0.13,0.15,2.39,72.38,2727
-0.84,0.13,0.17,2.39,72.38,2760
-0.82,0.12,0.15,2.38,72.38,2795
-0.84,0.11,0.14,2.38,72.38,2830
-0.87,0.09,0.14,2.38,72.56,2863
-0.87,0.09,0.15,2.37,72.38,2899
-0.85,0.11,0.14,2.38,72.56,2932
-0.83,0.11,0.14,2.38,72.56,2968
-0.83,0.13,0.15,2.38,72.38,3001
-0.85,0.13,0.15,2.38,72.38,3034
-0.86,0.11,0.14,2.38,72.56,3070
-0.86,0.11,0.13,2.38,72.38,3103
-0.85,0.11,0.13,2.37,72.38,3139
-0.85,0.11,0.15,2.38,72.38,3176
-0.85,0.11,0.15,2.38,72.38,3209
-0.85,0.13,0.14,2.39,72.38,3262
-0.86,0.12,0.14,2.37,72.38,3299
-0.86,0.11,0.14,2.37,72.38,3330
-0.85,0.10,0.15,2.38,72.38,3362
-0.85,0.10,0.15,2.37,72.38,3394
-0.84,0.10,0.15,2.38,72.38,3426
-0.85,0.10,0.14,2.36,72.38,3459
-0.86,0.11,0.14,2.37,72.38,3491
-0.87,0.11,0.14,2.38,72.38,3523
-0.86,0.12,0.14,2.38,72.38,3555
-0.85,0.11,0.14,2.38,72.38,3586
-0.85,0.10,0.15,2.37,72.38,3619
-0.85,0.10,0.15,2.38,72.56,3653
-0.85,0.09,0.15,2.38,72.56,3687
-0.86,0.10,0.14,2.37,72.38,3726
-0.87,0.11,0.14,2.39,72.38,3759
-0.86,0.11,0.15,2.38,72.38,3791
-0.85,0.11,0.15,2.38,72.38,3824
-0.85,0.10,0.15,2.38,72.38,3860
-0.86,0.09,0.15,2.38,72.38,3893
-0.86,0.09,0.15,2.37,72.38,3927
-0.86,0.09,0.15,2.37,72.38,3962
-0.86,0.10,0.15,2.37,72.38,3996
-0.85,0.10,0.15,2.37,72.38,4032
-0.85,0.11,0.15,2.38,72.38,4065
-0.86,0.11,0.15,2.36,72.38,4100
-0.86,0.10,0.15,2.39,72.38,4133
-0.86,0.09,0.15,2.38,72.38,4167
-0.86,0.09,0.15,2.38,72.56,4203
-0.86,0.09,0.15,2.37,72.56,4241
-0.86,0.09,0.15,2.38,72.38,4273
-0.87,0.10,0.15,2.37,72.38,4304
-0.87,0.11,0.15,2.37,72.38,4340
-0.87,0.10,0.14,2.38,72.38,4374
-0.87,0.09,0.15,2.38,72.56,4408
-0.86,0.09,0.15,2.36,72.38,4444
-0.86,0.09,0.15,2.38,72.38,4476
-0.86,0.09,0.15,2.38,72.38,4512
-0.87,0.10,0.15,2.39,72.38,4545
-0.87,0.10,0.15,2.38,72.38,4581
-0.86,0.10,0.15,2.39,72.38,4613
-0.85,0.10,0.15,2.38,72.38,4648
-0.86,0.09,0.15,2.38,72.38,4683
-0.86,0.09,0.15,2.38,72.38,4717
-0.86,0.09,0.15,2.38,72.38,4753
-0.86,0.09,0.15,2.38,72.38,4789
-0.86,0.09,0.15,2.38,72.38,4822
-0.86,0.10,0.15,2.38,72.38,4854
-0.85,0.10,0.15,2.38,72.56,4888
-0.85,0.10,0.15,2.38,72.38,4924
-0.85,0.09,0.15,2.38,72.38,4957
-0.86,0.09,0.15,2.37,72.38,4992
-0.86,0.09,0.15,2.38,72.38,5025
-0.86,0.10,0.15,2.38,72.38,5060
-0.86,0.10,0.15,2.38,72.38,5095
-0.86,0.11,0.15,2.38,72.38,5129
-0.86,0.10,0.15,2.38,72.38,5163
-0.86,0.10,0.15,2.37,72.38,5197
-0.87,0.09,0.14,2.38,72.38,5233
-0.87,0.09,0.14,2.39,72.38,5266
-0.87,0.09,0.15,2.38,72.38,5305
-0.86,0.10,0.15,2.38,72.56,5336
-0.86,0.10,0.15,2.38,72.38,5368
-0.87,0.11,0.15,2.38,72.38,5404
-0.87,0.11,0.14,2.38,72.56,5438
-0.87,0.11,0.13,2.38,72.38,5473
-0.87,0.11,0.13,2.36,72.38,5506
-0.87,0.11,0.13,2.39,72.38,5540
-0.86,0.11,0.14,2.38,72.38,5576
-0.87,0.11,0.14,2.37,72.38,5609
-0.87,0.11,0.14,2.37,72.38,5645
-0.87,0.11,0.13,2.38,72.38,5677
-0.87,0.11,0.13,2.38,72.38,5713
-0.87,0.10,0.14,2.37,72.38,5746
-0.86,0.10,0.14,2.38,72.38,5781
-0.86,0.10,0.13,2.38,72.38,5816
-0.87,0.10,0.13,2.38,72.38,5855
-0.87,0.11,0.14,2.38,72.38,5907
-0.86,0.10,0.13,2.39,72.56,5945
-0.86,0.09,0.14,2.39,72.38,5976
-0.86,0.10,0.14,2.38,72.38,6008
-0.86,0.09,0.14,2.39,72.38,6040
-0.86,0.10,0.13,2.38,72.38,6072
-0.86,0.10,0.13,2.39,72.38,6104
-0.86,0.10,0.13,2.36,72.56,6136
-0.86,0.10,0.14,2.39,72.56,6168
-0.86,0.10,0.14,2.39,72.56,6200
-0.86,0.10,0.14,2.38,72.56,6231
-0.86,0.10,0.14,2.38,72.38,6264
-0.87,0.10,0.14,2.38,72.38,6296
-0.87,0.10,0.14,2.38,72.56,6330
-0.86,0.10,0.14,2.37,72.56,6369
-0.86,0.10,0.14,2.38,72.38,6400
-0.86,0.10,0.13,2.38,72.56,6432
-0.87,0.11,0.11,2.43,72.56,6468
-0.87,0.11,0.12,2.35,72.38,6502
-0.87,0.10,0.15,2.37,72.56,6538
-0.86,0.11,0.15,2.37,72.38,6570
-0.85,0.11,0.13,2.37,72.56,6605
-0.85,0.11,0.13,2.38,72.56,6639
-0.87,0.11,0.13,2.38,72.38,6673
-0.87,0.10,0.13,2.39,72.56,6709
-0.86,0.10,0.13,2.38,72.38,6741
-0.85,0.10,0.13,2.38,72.38,6777
-0.85,0.10,0.13,2.38,72.38,6810
-0.86,0.10,0.13,2.38,72.38,6846
-0.87,0.11,0.13,2.37,72.56,6879
-0.86,0.10,0.17,2.37,72.38,6917
-0.84,0.09,0.17,2.38,72.56,6950
-0.84,0.09,0.15,2.38,72.38,6982
-0.86,0.10,0.11,2.38,72.56,7018
-0.88,0.10,0.11,2.39,72.38,7051
-0.90,0.11,0.12,2.37,72.56,7086
-0.87,0.11,0.16,2.38,72.56,7119
-0.84,0.11,0.17,2.38,72.38,7153
-0.83,0.11,0.17,2.38,72.56,7189
-0.85,0.10,0.17,2.38,72.38,7222
-0.88,0.10,0.15,2.38,72.56,7257
-0.88,0.11,0.13,2.38,72.38,7290
-0.87,0.11,0.11,2.36,72.74,7326
-0.86,0.11,0.14,2.39,72.38,7359
-0.85,0.11,0.17,2.38,72.56,7394
-0.85,0.11,0.17,2.39,72.56,7429
-0.85,0.11,0.15,2.38,72.38,7460
-0.87,0.10,0.13,2.38,72.56,7498
-0.88,0.10,0.14,2.37,72.56,7531
-0.87,0.11,0.15,2.38,72.56,7567
-0.85,0.11,0.15,2.38,72.38,7599
-0.85,0.11,0.15,2.37,72.38,7634
-0.86,0.11,0.15,2.38,72.56,7669
-0.87,0.10,0.15,2.37,72.38,7703
-0.87,0.09,0.14,2.37,72.38,7738
-0.86,0.09,0.14,2.38,72.56,7772
-0.85,0.10,0.15,2.37,72.56,7805
-0.85,0.11,0.16,2.38,72.56,7841
-0.86,0.11,0.15,2.38,72.56,7874
-0.87,0.11,0.15,2.38,72.56,7910
-0.87,0.11,0.14,2.38,72.38,7943
-0.86,0.09,0.15,2.38,72.56,7982
-0.85,0.09,0.15,2.38,72.38,8014
-0.85,0.09,0.16,2.37,72.56,8046
-0.85,0.09,0.15,2.39,72.38,8081
-0.86,0.09,0.15,2.38,72.38,8115
-0.87,0.10,0.15,2.38,72.38,8150
-0.86,0.10,0.15,2.38,72.56,8183
-0.86,0.10,0.15,2.38,72.38,8219
-0.85,0.09,0.15,2.38,72.56,8252
-0.86,0.09,0.15,2.38,72.56,8286
-0.86,0.09,0.15,2.38,72.56,8321
-0.86,0.09,0.15,2.39,72.38,8354
-0.86,0.10,0.15,2.38,72.38,8390
-0.86,0.10,0.15,2.38,72.56,8423
-0.86,0.10,0.15,2.37,72.38,8459
-0.86,0.09,0.16,2.37,72.38,8491
-0.86,0.09,0.15,2.37,72.56,8531
-0.86,0.09,0.15,2.39,72.56,8589
-0.86,0.09,0.15,2.38,72.38,8620
-0.85,0.09,0.15,2.38,72.38,8652
-0.86,0.09,0.15,2.38,72.56,8684
-0.86,0.10,0.15,2.38,72.56,8716
-0.86,0.10,0.15,2.36,72.56,8749
-0.86,0.10,0.10,2.39,72.38,8781
-0.87,0.09,0.10,2.39,72.56,8813
-0.87,0.09,0.15,2.39,72.56,8845
-0.86,0.09,0.16,2.38,72.56,8876
-0.84,0.10,0.15,2.39,72.56,8909
-0.84,0.11,0.15,2.38,72.38,8941
-0.86,0.11,0.19,2.38,72.56,8973
-0.87,0.08,0.22,2.39,72.38,9006
-0.84,0.09,0.17,2.38,72.56,9045
-0.83,0.10,0.08,2.38,72.38,9077
-0.87,0.08,0.07,2.38,72.38,9111
-0.90,0.09,0.14,2.38,72.38,9144
-0.89,0.09,0.22,2.37,72.56,9178
-0.82,0.11,0.17,2.38,72.38,9213
-0.80,0.11,0.13,2.38,72.38,9247
-0.84,0.09,0.13,2.38,72.38,9282
-0.89,0.09,0.17,2.37,72.56,9316
-0.89,0.09,0.16,2.37,72.56,9352
-0.85,0.08,0.13,2.38,72.38,9384
-0.83,0.10,0.13,2.38,72.56,9418
-0.84,0.11,0.17,2.38,72.56,9454
-0.86,0.10,0.19,2.37,72.38,9487
-0.86,0.09,0.16,2.38,72.38,9523
-0.85,0.09,0.20,2.39,72.56,9555
-0.86,0.08,0.10,2.41,72.38,9595
-0.87,0.11,0.03,2.35,72.56,9627
-0.91,0.13,0.01,2.41,72.56,9659
-0.91,0.14,0.05,2.40,72.38,9695
-0.88,0.12,0.12,2.38,72.56,9727
-0.82,0.09,0.17,2.34,72.56,9763
-0.80,0.07,0.17,2.36,72.38,9796
-0.81,0.06,0.15,2.37,72.56,9832
-0.85,0.05,0.13,2.38,72.56,9865
-0.87,0.06,0.13,2.37,72.56,9899
-0.85,0.07,0.13,2.38,72.38,9934
-0.83,0.10,0.15,2.38,72.38,9968
-0.81,0.11,0.16,2.38,72.38,10003
-0.82,0.11,0.17,2.38,72.56,10038
-0.85,0.09,0.15,2.38,72.38,10074
-0.85,0.08,0.15,2.38,72.38,10113
-0.85,0.08,0.15,2.38,72.38,10145
-0.84,0.09,0.15,2.39,72.56,10179
-0.83,0.09,0.17,2.38,72.38,10215
-0.83,0.11,0.19,2.39,72.38,10250
-0.84,0.11,0.15,2.38,72.56,10286
-0.85,0.09,0.17,2.38,72.38,10320
-0.85,0.08,0.17,2.38,72.38,10357
-0.83,0.08,0.17,2.38,72.38,10391
-0.83,0.09,0.19,2.38,72.38,10428
-0.83,0.11,0.17,2.38,72.38,10463
-0.84,0.13,0.17,2.37,72.38,10497
-0.85,0.11,0.17,2.39,72.56,10533
-0.85,0.10,0.17,2.38,72.38,10568
-0.83,0.09,0.19,2.37,72.38,10604
-0.83,0.09,0.18,2.39,72.56,10644
-0.83,0.09,0.22,2.38,72.56,10676
-0.84,0.11,0.21,2.38,72.38,10709
-0.84,0.12,0.18,2.38,72.56,10745
-0.84,0.11,0.15,2.39,72.38,10780
-0.83,0.11,0.18,2.38,72.38,10816
-0.83,0.10,0.21,2.38,72.56,10851
-0.83,0.09,0.20,2.38,72.56,10888
-0.83,0.09,0.18,2.38,72.56,10921
-0.83,0.09,0.17,2.38,72.38,10958
-0.83,0.10,0.17,2.38,72.56,10992
-0.83,0.11,0.18,2.38,72.38,11029
-0.83,0.11,0.19,2.38,72.38,11064
-0.83,0.11,0.19,2.38,72.38,11098
-0.83,0.10,0.18,2.38,72.38,11134
-0.83,0.10,0.18,2.39,72.38,11174
-0.83,0.10,0.19,2.38,72.56,11206
-0.83,0.11,0.19,2.39,72.56,11265
-0.83,0.11,0.18,2.38,72.38,11297
-0.83,0.10,0.18,2.38,72.38,11329
-0.84,0.11,0.17,2.37,72.38,11362
-0.84,0.10,0.17,2.39,72.38,11394
-0.83,0.10,0.17,2.38,72.56,11426
-0.83,0.10,0.17,2.39,72.38,11458
-0.83,0.10,0.17,2.38,72.38,11490
-0.83,0.11,0.17,2.38,72.56,11522
-0.83,0.11,0.17,2.37,72.56,11559
-0.83,0.11,0.17,2.38,72.38,11593
-0.83,0.10,0.17,2.38,72.38,11630
-0.83,0.10,0.18,2.38,72.38,11665
-0.83,0.10,0.18,2.38,72.38,11703
-0.83,0.11,0.18,2.39,72.56,11736
-0.83,0.11,0.18,2.38,72.38,11770
-0.83,0.11,0.17,2.38,72.56,11807
-0.83,0.11,0.17,2.38,72.38,11841
-0.83,0.11,0.17,2.38,72.56,11878
-0.83,0.11,0.18,2.37,72.38,11912
-0.83,0.10,0.18,2.38,72.38,11947
-0.83,0.10,0.17,2.38,72.38,11982
-0.83,0.10,0.17,2.38,72.38,12019
-0.83,0.11,0.17,2.38,72.56,12053
-0.83,0.11,0.17,2.38,72.56,12090
-0.83,0.11,0.17,2.38,72.56,12124
-0.83,0.11,0.17,2.38,72.56,12160
-0.83,0.11,0.17,2.38,72.38,12194
-0.83,0.11,0.17,2.38,72.38,12234
-0.83,0.11,0.17,2.38,72.38,12268
-0.83,0.11,0.17,2.38,72.38,12301
-0.83,0.11,0.17,2.38,72.38,12338
-0.83,0.11,0.17,2.36,72.56,12371
-0.83,0.11,0.17,2.39,72.38,12408
-0.83,0.11,0.17,2.38,72.38,12442
-0.83,0.11,0.17,2.37,72.38,12479
-0.83,0.11,0.17,2.38,72.38,12513
-0.83,0.10,0.17,2.38,72.56,12548
-0.83,0.10,0.17,2.38,72.56,12583
-0.83,0.10,0.17,2.38,72.38,12620
-0.83,0.11,0.17,2.38,72.38,12654
-0.83,0.10,0.17,2.38,72.56,12691
-0.83,0.10,0.17,2.38,72.38,12725
-0.83,0.11,0.17,2.38,72.38,12765
-0.83,0.11,0.17,2.38,72.38,12798
-0.83,0.11,0.17,2.38,72.38,12831
-0.84,0.11,0.17,2.38,72.56,12867
-0.84,0.11,0.17,2.38,72.38,12902
-0.84,0.11,0.17,2.38,72.38,12939
-0.83,0.11,0.17,2.37,72.56,12972
-0.83,0.11,0.17,2.37,72.56,13009
-0.83,0.11,0.17,2.38,72.56,13043
-0.83,0.11,0.17,2.38,72.56,13080
-0.83,0.11,0.17,2.38,72.38,13114
-0.83,0.11,0.17,2.38,72.38,13151
-0.83,0.11,0.17,2.38,72.38,13184
-0.83,0.11,0.17,2.38,72.56,13221
-0.83,0.11,0.17,2.38,72.38,13255
-0.83,0.10,0.17,2.38,72.38,13295
-0.83,0.10,0.17,2.38,72.38,13329
-0.83,0.11,0.17,2.37,72.38,13362
-0.83,0.10,0.17,2.39,72.56,13396
-0.83,0.11,0.17,2.37,72.38,13433
-0.83,0.11,0.17,2.38,72.56,13469
-0.83,0.11,0.17,2.39,72.56,13503
-0.83,0.11,0.17,2.38,72.56,13540
-0.83,0.10,0.17,2.38,72.56,13573
-0.83,0.11,0.17,2.37,72.56,13610
-0.83,0.11,0.17,2.38,72.56,13644
-0.83,0.11,0.17,2.38,72.38,13681
-0.83,0.11,0.17,2.38,72.56,13715
-0.83,0.11,0.16,2.42,72.56,13752
-0.83,0.10,0.20,2.40,72.56,13785
-0.85,0.10,0.12,2.34,72.38,13825
-0.86,0.11,0.03,2.41,72.38,13857
-0.91,0.13,0.01,2.34,72.56,13893
-0.92,0.12,0.11,2.34,72.56,13927
-0.82,0.09,0.18,2.36,72.38,13988
-0.78,0.08,0.14,2.38,72.38,14021
-0.80,0.07,0.10,2.43,72.74,14053
-0.85,0.04,0.13,2.41,72.56,14085
-0.87,0.01,0.17,2.39,72.38,14117
-0.85,-0.01,0.14,2.37,72.56,14150
-0.81,0.00,0.13,2.41,72.56,14182
-0.80,0.01,0.13,2.37,72.38,14213
-0.79,0.01,0.17,2.41,72.56,14246
-0.80,0.00,0.15,2.35,72.56,14282
-0.80,-0.01,0.15,2.35,71.85,14317
-0.81,-0.01,0.14,2.37,72.56,14358
-0.81,-0.01,0.14,2.37,72.56,14392
-0.80,-0.01,0.14,2.41,72.56,14426
-0.79,-0.01,0.15,2.38,72.38,14463
-0.79,-0.01,0.15,2.38,72.56,14499
-0.80,-0.03,0.14,2.43,72.56,14536
-0.80,-0.04,0.13,2.36,72.56,14573
-0.79,-0.05,0.14,2.41,72.56,14608
-0.78,-0.04,0.15,2.40,72.38,14646
-0.76,-0.03,0.14,2.34,72.56,14682
-0.77,-0.01,0.14,2.36,72.56,14717
-0.78,0.01,0.11,2.37,72.56,14755
-0.81,0.01,0.10,2.38,72.56,14789
-0.83,-0.01,0.09,2.39,72.56,14826
-0.85,-0.01,0.06,2.39,72.56,14862
-0.84,-0.03,0.09,2.39,72.56,14903
-0.83,-0.03,0.12,2.38,72.56,14934
-0.80,-0.03,0.15,2.36,72.56,14970
-0.76,-0.01,0.15,2.39,72.56,15007
-0.73,0.02,0.10,2.36,72.56,15044
-0.73,0.06,0.10,2.39,72.56,15078
-0.77,0.16,0.17,2.39,72.38,15115
-0.82,0.27,0.21,2.37,72.56,15148
-0.90,0.45,0.19,2.36,72.56,15185
-0.99,0.63,0.17,2.39,72.56,15220
-1.17,0.90,0.16,2.42,72.38,15256
-1.34,1.18,0.19,2.41,72.38,15291
-1.61,1.51,0.27,2.43,72.38,15327
-1.89,1.86,0.28,2.36,72.21,15362
-2.12,2.10,0.28,2.35,72.38,15396
-2.44,2.35,0.32,2.34,72.56,15436
-2.68,2.59,0.40,2.39,72.38,15469
-2.90,3.00,0.43,2.35,72.56,15504
-3.02,3.34,0.36,2.40,72.38,15538
-3.25,3.74,0.25,2.40,72.56,15574
-3.51,4.03,0.32,2.38,72.56,15608
-3.91,4.37,0.66,2.37,72.38,15645
-4.21,4.81,0.98,2.38,72.38,15679
-4.58,5.97,1.37,2.42,72.56,15716
-4.85,6.64,1.61,2.39,72.38,15749
-5.12,7.34,1.59,2.37,72.56,15786
-5.42,7.76,1.57,2.36,72.56,15821
-5.96,8.33,1.72,2.37,72.38,15857
-6.39,9.18,1.90,2.42,72.38,15892
-6.99,9.82,2.14,2.37,72.56,15928
-7.58,10.21,2.22,2.38,72.56,15967
-8.06,10.75,2.36,2.38,72.56,15999
-8.69,11.38,2.57,2.39,72.38,16036
-9.12,11.77,2.75,2.37,72.56,16071
-9.75,13.09,3.12,2.37,72.56,16109
-10.37,14.44,3.51,2.40,72.38,16146
-10.81,15.48,3.50,2.41,72.56,16182
-11.37,17.10,3.44,2.39,72.56,16221
-11.82,18.07,3.21,2.40,72.38,16257
-12.41,19.08,3.59,2.36,72.38,16295
-12.76,19.97,3.49,2.38,72.38,16331
-13.25,20.94,3.37,2.42,72.38,16370
-13.59,21.35,3.45,2.41,72.56,16408
-14.02,21.76,3.85,2.38,72.38,16445
-15.37,27.83,3.43,2.41,72.38,16534
-15.38,30.82,3.41,2.39,72.56,16566
-15.21,33.06,4.40,2.43,72.38,16597
-14.82,34.70,5.47,2.41,72.56,16630
-14.36,35.90,6.56,2.35,72.38,16662
-13.43,36.60,8.18,2.36,72.38,16696
-12.47,36.69,9.01,2.39,72.38,16727
-10.71,37.00,9.91,2.38,72.38,16779
-8.96,37.08,9.84,2.40,72.38,16817
-7.68,37.22,9.92,2.38,72.38,16848
-6.59,37.17,10.29,2.39,72.38,16880
-5.69,37.29,10.92,2.38,72.38,16913
-4.64,37.18,12.05,2.37,72.38,16946
-3.80,36.93,12.30,2.39,72.56,16981
-2.42,36.69,11.50,2.38,72.38,17019
-1.18,37.19,10.54,2.40,72.38,17060
-0.38,37.61,10.22,2.36,72.38,17093
0.19,38.36,10.37,2.37,72.38,17132
0.13,38.98,11.33,2.40,72.38,17169
-0.10,38.83,12.29,2.39,72.38,17204
-0.84,39.00,13.49,2.41,72.38,17241
-1.63,39.27,14.49,2.39,72.38,17279
-2.78,39.68,15.58,2.38,72.38,17317
-3.86,39.84,16.48,2.38,72.38,17353
-5.49,40.04,17.61,2.37,72.38,17392
-7.12,39.95,18.69,2.38,72.38,17429
-9.14,39.98,20.05,2.37,72.38,17467
-10.83,40.10,21.36,2.39,72.38,17503
-12.71,40.44,22.49,2.37,72.38,17543
-14.12,40.77,22.95,2.39,72.38,17585
-15.39,41.02,23.24,2.39,72.38,17619
-15.80,40.92,22.72,2.37,72.38,17658
-15.66,40.85,21.83,2.37,72.38,17695
-14.16,41.04,19.06,2.38,72.38,17735
-11.59,41.90,15.57,2.39,72.38,17774
-8.49,42.72,12.16,2.39,72.38,17812
-5.12,43.20,8.59,2.39,72.38,17850
-2.59,43.23,6.01,2.37,72.38,17885
0.76,43.15,2.44,2.38,72.38,17922
3.32,43.16,-0.68,2.38,72.38,17956
6.46,43.06,-4.75,2.38,72.38,17994
9.01,42.88,-8.51,2.38,72.38,18030
10.36,42.58,-11.07,2.37,72.56,18066
10.99,41.91,-13.92,2.39,72.38,18110
10.69,41.38,-15.03,2.39,72.21,18143
9.72,40.70,-15.82,2.39,72.38,18183
8.11,40.18,-15.65,2.38,72.38,18219
6.83,39.91,-15.19,2.37,72.38,18256
5.37,39.58,-14.62,2.37,72.38,18294
4.21,39.18,-14.11,2.38,72.38,18332
3.40,38.84,-13.78,2.36,72.38,18370
2.99,38.60,-13.43,2.37,72.38,18406
2.68,38.47,-12.94,2.39,72.38,18445
2.52,38.38,-12.23,2.39,72.38,18482
2.19,38.30,-11.19,2.37,72.21,18519
1.91,38.26,-10.37,2.38,72.38,18555
1.54,38.16,-9.44,2.38,72.38,18594
0.94,38.06,-8.57,2.36,72.38,18634
0.32,37.98,-7.98,2.38,72.21,18666
-0.69,37.89,-7.30,2.38,72.21,18703
-1.85,37.85,-6.90,2.37,72.21,18741
-2.75,37.95,-6.69,2.38,72.38,18776
-3.97,38.14,-6.41,2.38,72.21,18815
-5.46,38.28,-5.78,2.39,72.21,18853
-6.91,38.22,-5.08,2.37,72.38,18890
-7.85,38.17,-4.66,2.37,72.38,18927
-9.10,38.16,-3.87,2.39,72.21,18965
-10.10,38.39,-2.85,2.40,72.21,19003
-10.90,38.76,-1.78,2.39,72.21,19042
-11.33,39.06,-1.14,2.38,72.21,19079
-11.78,39.50,-0.42,2.38,72.38,19118
-12.25,39.83,0.26,2.40,72.21,19156
-12.55,40.16,0.57,2.39,72.21,19198
-12.99,39.93,1.17,2.37,72.21,19232
-13.40,39.24,1.87,2.39,72.21,19268
-14.18,38.15,2.90,2.38,72.38,19307
-14.75,37.22,3.73,2.37,72.21,19344
-15.22,36.62,4.23,2.37,72.38,19382
-15.49,36.15,4.49,2.36,72.21,19417
-16.01,35.64,4.97,2.35,72.21,19456
-16.41,35.18,5.38,2.37,72.21,19493
-16.73,34.83,5.59,2.39,72.38,19531
-16.87,34.51,5.73,2.39,72.21,19567
-17.05,34.14,6.22,2.41,72.21,19606
-17.27,33.73,7.05,2.39,72.21,19664
-17.54,33.52,7.55,2.39,72.21,19702
-17.76,33.27,7.86,2.37,72.21,19738
-18.04,33.12,8.13,2.39,72.21,19770
-18.45,32.92,8.28,2.35,72.21,19804
-18.78,32.73,8.30,2.37,72.21,19835
-19.08,32.42,8.21,2.34,72.21,19867
-19.25,32.11,7.77,2.38,72.21,19905
-19.48,31.86,7.80,2.39,72.21,19943
-19.73,31.80,8.21,2.36,72.03,19980
-20.11,31.85,8.65,2.38,72.21,20018
-20.46,31.74,8.85,2.37,72.21,20055
-20.81,31.57,8.75,2.37,72.21,20093
-21.03,31.46,8.41,2.37,72.21,20129
-21.14,31.41,7.50,2.38,72.21,20167
-21.09,31.30,6.33,2.38,72.21,20205
-20.98,31.05,5.57,2.37,72.21,20246
-20.87,30.82,5.31,2.37,72.21,20279
-20.81,30.40,5.05,2.37,72.21,20318
-20.80,30.10,4.74,2.38,72.21,20354
-20.88,30.08,4.45,2.37,72.03,20391
-21.06,30.07,3.85,2.38,72.21,20429
-21.15,30.10,2.78,2.37,72.21,20467
-21.25,30.04,1.81,2.38,72.03,20505
-21.30,29.83,1.27,2.38,72.03,20541
-21.30,29.88,0.81,2.37,72.21,20580
-21.62,29.98,1.17,2.35,72.03,20617
-22.43,29.79,2.59,2.29,72.21,20654
-23.12,29.64,4.30,2.41,72.03,20690
-24.01,29.40,6.28,2.40,72.03,20729
-24.74,29.25,7.72,2.40,72.03,20770
-25.41,28.91,8.69,2.36,72.21,20804
-25.82,28.57,9.31,2.37,72.03,20840
-26.32,28.08,10.71,2.41,72.03,20879
-26.73,27.49,11.88,2.38,72.21,20918
-27.07,27.11,13.10,2.37,72.21,20957
-27.27,26.85,14.01,2.40,72.03,20994
-27.43,26.71,14.34,2.40,72.03,21031
-27.76,26.58,14.30,2.37,72.03,21071
-28.20,26.28,13.90,2.36,72.03,21110
-28.78,26.12,14.08,2.39,72.21,21148
-29.39,25.97,14.41,2.39,72.03,21187
-30.09,26.05,14.85,2.34,72.03,21226
-30.59,25.98,15.00,2.36,72.03,21263
-31.48,26.04,14.93,2.37,72.03,21307
-31.91,26.05,14.97,2.36,72.03,21340
-32.48,25.97,14.80,2.36,72.03,21379
-32.98,25.96,14.54,2.38,72.03,21417
-33.44,25.96,14.01,2.40,72.03,21456
-33.72,25.71,13.21,2.36,72.03,21493
-34.07,25.35,12.62,2.37,72.03,21533
-34.42,24.97,12.42,2.38,72.03,21572
-34.62,24.44,12.38,2.39,72.03,21610
-34.64,24.07,12.67,2.37,72.03,21649
-34.57,23.99,12.44,2.36,71.85,21688
-34.43,23.86,12.19,2.38,72.03,21726
-34.28,23.68,12.15,2.37,72.03,21762
-34.14,23.49,12.05,2.35,72.03,21802
-33.92,23.21,12.16,2.38,72.03,21846
-33.79,23.04,12.39,2.37,72.03,21878
-33.67,22.91,12.71,2.37,72.03,21918
-33.67,22.92,12.85,2.36,72.03,21957
-33.69,22.80,12.85,2.35,72.03,21994
-33.81,22.54,12.94,2.38,72.03,22034
-34.06,22.40,13.31,2.38,72.21,22072
-34.39,22.28,13.83,2.37,72.03,22111
-34.72,22.16,14.65,2.42,71.85,22148
-35.11,22.18,15.21,2.38,72.03,22187
-35.43,22.26,15.22,2.37,72.03,22224
-35.96,22.34,14.88,2.37,72.03,22264
-36.52,22.35,14.30,2.39,71.31,22303
-37.00,22.24,14.04,2.36,72.03,22341
-37.32,21.98,14.05,2.37,72.03,22383
-37.57,21.73,14.02,2.39,72.03,22419
-37.77,21.49,14.08,2.38,72.03,22457
-37.89,21.32,13.98,2.39,72.03,22494
-37.94,20.99,13.95,2.37,72.03,22533
-38.03,20.40,13.31,2.39,72.03,22598
-38.17,20.12,12.94,2.34,72.03,22630
-38.36,19.82,12.53,2.38,72.03,22663
-38.57,19.48,12.29,2.38,72.03,22694
-38.86,19.16,12.13,2.39,71.85,22728
-39.10,19.05,12.00,2.37,72.03,22763
-39.41,18.93,11.98,2.37,71.85,22803
-39.80,19.01,11.94,2.37,71.85,22842
-40.32,19.31,11.71,2.35,71.85,22880
-40.90,19.66,11.69,2.37,72.03,22922
-41.38,19.93,11.71,2.35,72.03,22955
-42.16,20.32,11.43,2.37,72.03,22995
-43.09,20.84,11.14,2.39,72.03,23034
-44.09,21.24,10.79,2.37,72.03,23072
-45.14,21.75,10.51,2.36,71.85,23111
-46.16,22.17,10.54,2.38,72.03,23150
-46.82,22.42,10.89,2.37,72.03,23187
-47.68,22.83,11.57,2.38,72.03,23226
-48.44,23.17,12.34,2.38,72.03,23265
-49.01,23.44,13.36,2.37,72.03,23304
-49.49,23.76,14.47,2.37,72.03,23341
-49.95,24.11,15.67,2.36,71.85,23380
-50.36,24.41,17.10,2.38,72.03,23419
-50.68,24.65,18.31,2.36,71.85,23453
-51.01,24.96,20.06,2.36,72.03,23495
-51.26,25.28,21.79,2.39,72.03,23534
-51.52,25.50,23.26,2.37,72.03,23573
-51.81,25.71,24.53,2.36,72.03,23611
-52.15,25.99,25.58,2.37,72.03,23650
-52.49,26.28,26.11,2.35,72.03,23687
-53.00,26.65,26.61,2.37,72.03,23726
-53.39,26.95,27.40,2.37,72.03,23765
-53.71,27.24,28.29,2.38,71.85,23803
-54.12,27.52,28.71,2.36,72.03,23842
-54.50,27.81,29.09,2.36,72.03,23880
-54.76,28.08,29.33,2.35,71.85,23918
-55.13,28.27,29.35,2.38,71.85,23962
-55.36,28.24,29.22,2.38,72.03,23995
-55.72,28.22,28.92,2.36,72.03,24035
-56.05,28.35,28.80,2.38,72.03,24073
-56.45,28.59,28.51,2.37,71.85,24111
-56.76,28.71,28.09,2.37,72.03,24148
-57.17,28.81,27.40,2.37,71.67,24188
-57.58,28.72,26.27,2.37,72.03,24226
-58.03,28.54,24.98,2.39,72.03,24265
-58.57,28.40,23.91,2.38,71.85,24304
-59.06,28.35,22.95,2.36,71.85,24342
-59.69,28.42,21.87,2.37,71.85,24381
-60.23,28.56,21.15,2.36,71.67,24418
-61.00,28.63,20.30,2.37,72.21,24458
-61.91,28.52,19.45,2.37,72.03,24501
-62.41,28.53,18.99,2.35,72.03,24533
-63.01,28.62,18.42,2.37,71.85,24573
-63.57,28.72,18.00,2.37,72.03,24611
-63.94,28.78,17.90,2.36,71.85,24649
-64.32,28.86,18.00,2.38,71.85,24688
-64.72,28.98,17.76,2.38,71.85,24727
-65.11,29.05,17.60,2.39,71.85,24766
-65.51,29.11,17.51,2.36,71.85,24804
-65.94,29.13,17.47,2.37,72.03,24843
-66.24,29.17,17.70,2.38,71.85,24879
-66.64,29.29,17.83,2.36,71.85,24919
-67.03,29.29,17.82,2.38,72.03,24957
-67.45,29.29,17.79,2.37,72.03,24996
-67.90,29.30,17.86,2.35,71.67,25038
-68.36,29.23,18.10,2.40,71.85,25073
-68.59,29.27,18.56,2.37,71.85,25111
-68.87,29.35,18.95,2.38,71.85,25150
-69.08,29.28,18.88,2.35,72.03,25189
-69.29,29.22,18.64,2.36,71.85,25228
-69.49,29.10,18.42,2.37,71.85,25266
-69.74,28.97,18.05,2.35,71.85,25304
-70.07,28.96,17.63,2.37,71.85,25342
-70.35,28.89,17.39,2.38,71.85,25380
-70.75,28.78,17.27,2.37,72.03,25419
-71.14,28.61,17.31,2.37,71.85,25458
-71.68,28.31,17.10,2.37,71.85,25497
-72.51,28.00,16.90,2.37,71.85,25556
-73.00,27.82,16.79,2.34,71.85,25597
-73.38,27.81,16.50,2.40,71.85,25629
-73.73,27.89,16.29,2.36,71.85,25662
-74.12,27.91,16.20,2.36,71.85,25695
-74.39,27.81,16.26,2.39,71.85,25727
-74.93,27.56,16.13,2.39,71.85,25766
-75.56,27.18,15.84,2.38,71.85,25804
-76.08,27.02,15.53,2.39,71.85,25842
-76.74,26.91,15.28,2.36,71.85,25881
-77.30,26.68,15.18,2.36,71.85,25920
-77.79,26.34,14.99,2.37,71.85,25959
-78.21,26.11,14.62,2.37,71.85,25997
-78.57,25.87,14.78,2.37,71.85,26036
-78.85,25.57,15.07,2.36,71.85,26072
-79.37,25.17,15.47,2.38,71.85,26117
-79.62,25.07,15.96,2.34,71.85,26149
-80.03,24.95,16.62,2.36,71.85,26189
-80.53,24.72,16.91,2.37,71.85,26228
-81.06,24.45,16.95,2.37,72.38,26266
-81.56,24.33,17.01,2.38,71.85,26305
-81.94,24.26,17.10,2.35,71.85,26342
-82.51,24.08,17.04,2.35,71.85,26382
-83.11,23.94,16.93,2.36,71.85,26420
-83.47,23.97,17.68,2.36,71.85,26458
-83.64,24.08,18.70,2.37,71.85,26497
-83.93,24.35,19.40,2.37,71.85,26535
-84.20,24.46,19.60,2.35,71.85,26573
-84.75,24.53,19.61,2.38,71.67,26612
-85.52,24.45,19.88,2.36,71.85,26656
-86.00,24.42,20.09,2.35,71.85,26688
-86.65,24.46,19.94,2.37,71.85,26728
-87.25,24.48,19.75,2.37,71.85,26767
-87.61,24.47,19.55,2.35,71.85,26804
-88.04,24.32,19.20,2.39,71.85,26844
-88.39,23.99,18.88,2.38,71.85,26881
-88.69,23.60,18.49,2.37,71.85,26920
-89.05,23.12,17.81,2.39,71.85,26959
-89.36,22.74,17.24,2.37,71.85,26997
-89.58,22.47,17.02,2.35,71.85,27035
-89.82,22.24,16.96,2.36,71.85,27074
-90.03,22.10,16.96,2.39,71.85,27113
-90.20,22.02,16.92,2.37,71.85,27155
-90.43,21.93,16.69,2.37,71.67,27190
-90.65,21.70,16.29,2.39,71.85,27229
-90.85,21.49,15.98,2.37,71.85,27266
-91.00,21.35,15.85,2.36,71.85,27304
-91.22,21.32,15.37,2.37,71.85,27343
-91.57,21.32,14.71,2.35,71.85,27382
-92.05,21.35,13.82,2.37,71.85,27420
-92.56,21.25,12.89,2.36,71.85,27459
-92.96,21.04,12.15,2.35,71.85,27498
-93.26,20.81,11.77,2.37,71.85,27535
-93.65,20.45,11.69,2.36,71.85,27575
-94.06,20.25,11.59,2.38,71.85,27613
-94.54,20.27,11.49,2.34,71.85,27651
-95.07,20.39,11.08,2.38,71.85,27693
-95.65,20.50,10.47,2.35,71.85,27728
-96.14,20.47,9.72,2.38,71.85,27766
-96.77,20.26,8.45,2.38,71.85,27804
-97.27,19.99,7.65,2.37,71.85,27842
-97.68,19.70,7.33,2.37,71.85,27880
-97.94,19.49,7.42,2.37,72.03,27916
-98.26,19.31,7.66,2.38,71.85,27954
-98.62,19.20,7.78,2.41,71.67,27991
-99.03,19.12,7.84,2.36,71.85,28029
-99.34,19.02,7.91,2.37,71.85,28065
-99.69,18.87,8.22,2.39,71.85,28104
-100.04,18.74,8.48,2.37,71.85,28141
-100.37,18.70,8.67,2.36,71.85,28180
-100.72,18.72,8.76,2.40,71.85,28222
-101.02,18.79,8.84,2.36,71.85,28256
-101.48,18.74,8.94,2.35,71.85,28296
-101.95,18.73,8.92,2.36,71.49,28333
-102.38,18.68,9.16,2.36,71.85,28372
-102.78,18.58,9.41,2.37,71.85,28411
-103.26,18.51,9.33,2.38,71.85,28449
-104.13,18.52,9.21,2.37,71.85,28513
-104.69,18.70,8.94,2.38,71.85,28544
-105.23,18.89,8.77,2.37,71.85,28577
-105.87,19.05,9.27,2.37,71.85,28610
-106.30,19.16,10.04,2.36,71.85,28643
-106.83,19.42,10.87,2.38,71.85,28682
-107.35,19.73,11.20,2.37,71.85,28721
-107.83,19.92,11.45,2.40,71.85,28764
-108.31,20.03,11.66,2.38,71.85,28799
-108.69,20.09,11.62,2.36,71.85,28838
-109.37,20.22,11.50,2.37,71.85,28880
-109.74,20.28,11.58,2.38,71.67,28917
-110.20,20.29,11.63,2.37,71.85,28958
-110.70,20.17,11.34,2.34,71.85,28997
-111.13,20.05,10.74,2.38,71.85,29037
-111.51,19.98,10.28,2.36,71.85,29076
-111.86,19.96,10.48,2.36,71.85,29116
-112.21,19.90,10.77,2.36,71.85,29156
-112.65,19.71,10.96,2.38,71.85,29195
-113.15,19.59,11.04,2.37,71.85,29235
-113.66,19.66,10.77,2.36,71.85,29273
-114.20,19.77,10.34,2.35,71.85,29317
-114.70,19.79,9.56,2.34,71.85,29353
-115.08,19.81,8.82,2.36,71.85,29391
-115.27,19.87,8.52,2.38,71.85,29429
-115.51,19.98,8.05,2.37,71.85,29468
-115.80,20.05,7.15,2.35,72.03,29507
-116.22,20.08,6.15,2.38,71.85,29545
-116.69,20.11,5.31,2.37,71.85,29584
-117.23,20.04,4.51,2.38,71.85,29623
-117.71,19.97,3.90,2.37,71.85,29660
-118.41,19.85,3.11,2.32,71.85,29699
-119.09,19.91,2.39,2.35,71.85,29737
-119.76,19.92,1.76,2.36,71.85,29776
-120.47,19.76,1.24,2.38,71.85,29818
-121.14,19.63,0.96,2.37,71.85,29853
-121.61,19.59,0.93,2.37,71.85,29891
-122.29,19.40,0.90,2.38,71.85,29930
-122.95,19.19,0.83,2.37,71.85,29969
-123.55,19.12,0.89,2.38,71.85,30007
-124.09,19.00,1.01,2.38,71.85,30046
-124.69,18.78,0.67,2.36,71.85,30084
-125.22,18.70,0.20,2.36,71.85,30122
-125.54,18.65,-0.06,2.38,71.85,30160
-125.90,18.46,-0.33,2.38,71.85,30200
-126.15,18.38,-0.43,2.37,71.85,30240
-126.33,18.44,-0.37,2.37,71.85,30280
-126.59,18.49,-0.24,2.37,71.85,30319
-127.12,18.54,-0.51,2.36,71.85,30364
-127.52,18.54,-0.22,2.38,71.85,30397
-128.18,18.53,-0.02,2.36,71.85,30438
-129.00,18.45,-0.38,2.36,71.85,30477
-129.73,18.67,-0.67,2.35,71.85,30517
-130.34,19.21,-1.01,2.37,71.67,30557
-130.97,19.59,-1.04,2.36,71.85,30595
-131.62,20.01,-0.75,2.39,71.85,30635
-132.32,20.43,-0.27,2.35,71.85,30675
-133.27,20.43,0.25,2.36,71.31,30714
-134.03,20.37,1.02,2.38,71.85,30751
-134.93,20.17,1.80,2.38,71.67,30791
-135.74,19.73,2.15,2.36,71.85,30830
-136.39,19.46,2.83,2.36,71.85,30868
-136.99,19.14,3.51,2.37,71.85,30911
-137.60,18.89,4.40,2.38,71.85,30946
-138.06,18.72,5.47,2.39,71.85,30983
-138.75,18.40,6.85,2.37,71.85,31022
-139.50,18.22,8.37,2.36,72.21,31060
-140.40,18.03,9.80,2.36,71.85,31099
-141.48,17.74,11.30,2.38,71.85,31137
-142.61,17.52,12.61,2.36,71.85,31177
-143.59,17.09,12.97,2.36,71.85,31217
-144.43,16.91,13.13,2.38,71.85,31256
-145.06,16.63,13.18,2.36,71.85,31296
-145.61,16.48,13.57,2.35,71.85,31336
-146.11,16.22,13.55,2.40,71.85,31375
-146.59,15.93,13.38,2.36,71.85,31418
-147.18,15.61,12.62,2.37,71.85,31474
-147.64,15.29,11.52,2.38,71.85,31511
-147.94,15.26,10.80,2.39,72.03,31544
-148.24,15.24,9.75,2.38,71.85,31577
-148.37,15.20,8.87,2.40,71.85,31609
-148.45,15.23,7.37,2.36,71.85,31649
-148.52,15.11,6.22,2.36,72.03,31688
-148.66,14.85,5.38,2.34,71.85,31726
-148.85,14.63,5.24,2.36,71.85,31764
-149.30,14.43,6.12,2.38,71.85,31803
-149.99,14.25,8.16,2.38,71.67,31842
-150.78,14.13,10.88,2.36,71.85,31881
-151.63,13.93,13.65,2.35,71.85,31919
-152.46,13.67,16.14,2.36,71.85,31962
-153.31,13.29,18.55,2.33,71.85,31998
-154.16,12.95,20.57,2.39,71.85,32038
-154.99,12.74,21.64,2.36,71.85,32078
-155.74,12.55,21.62,2.36,71.85,32117
-156.29,12.13,21.18,2.36,71.85,32157
-156.65,11.79,20.76,2.36,71.85,32197
-156.80,11.72,20.35,2.39,71.85,32235
-156.92,11.47,19.61,2.37,71.85,32277
-156.92,11.24,19.09,2.36,71.85,32314
-156.82,11.05,18.27,2.33,71.85,32355
-156.75,10.89,17.61,2.38,72.03,32394
-156.72,10.75,17.18,2.36,71.85,32434
-156.72,10.59,16.82,2.37,71.85,32478
-156.79,10.46,16.43,2.37,71.85,32511
-157.00,10.26,16.41,2.37,71.85,32552
-157.27,10.10,16.91,2.37,72.03,32591
-157.62,10.04,17.65,2.38,71.85,32631
-158.16,9.99,18.79,2.39,71.85,32670
-158.80,9.82,19.94,2.37,71.85,32709
-159.28,9.58,20.82,2.37,72.38,32746
-159.88,9.23,22.14,2.39,71.85,32786
-160.41,8.85,23.76,2.35,71.85,32825
-160.80,8.50,25.34,2.37,72.03,32863
-160.98,8.23,26.38,2.36,72.03,32901
-160.88,7.75,27.00,2.39,71.85,32940
-160.72,7.37,27.45,2.36,71.85,32978
-160.45,6.84,27.84,2.38,71.85,33020
-160.21,6.56,27.79,2.35,72.03,33054
-159.89,6.18,27.38,2.37,71.85,33094
-159.63,5.83,26.85,2.38,71.85,33132
-159.54,5.68,26.16,2.37,72.03,33171
-159.64,5.51,25.70,2.37,71.85,33210
-159.72,5.44,25.29,2.41,71.85,33247
-159.87,5.32,24.82,2.37,71.85,33287
-159.93,5.13,24.17,2.37,71.85,33324
-159.90,4.88,23.52,2.36,71.85,33363
-159.76,4.62,22.72,2.39,71.85,33401
-159.57,4.32,21.87,2.36,72.03,33440
-159.43,4.05,21.25,2.38,71.85,33477
-159.24,3.65,20.52,2.40,72.03,33517
-158.73,2.49,19.14,2.41,72.03,33608
-158.57,2.04,18.70,2.37,71.85,33641
-158.47,1.58,18.22,2.34,72.03,33673
-158.40,1.17,17.75,2.35,72.03,33705
-158.37,0.74,17.52,2.41,71.85,33737
-158.44,0.10,17.53,2.37,72.03,33771
-158.55,-0.33,17.47,2.40,71.49,33803
-158.76,-0.84,17.26,2.34,72.03,33843
-159.06,-1.33,17.13,2.39,71.85,33882
-159.33,-1.81,17.06,2.37,72.03,33921
-159.62,-2.27,16.87,2.38,72.03,33961
-159.86,-2.84,16.56,2.36,72.03,34001
-160.01,-3.55,16.45,2.37,71.85,34040
-160.04,-4.11,16.48,2.35,72.03,34078
-159.86,-4.99,16.15,2.40,71.85,34141
-159.71,-5.25,15.99,2.38,72.03,34176
-159.53,-5.45,15.55,2.37,72.03,34214
-159.35,-5.69,14.89,2.36,72.03,34251
-159.18,-5.88,14.50,2.33,71.85,34287
-158.91,-6.19,14.35,2.35,72.03,34325
-158.69,-6.34,14.09,2.37,72.03,34362
-158.56,-6.37,13.65,2.39,72.03,34399
-158.39,-6.47,13.11,2.38,72.03,34440
-158.27,-6.55,12.68,2.39,72.03,34478
-158.18,-6.68,11.95,2.34,71.85,34543
-158.21,-6.74,11.74,2.38,72.03,34579
-158.34,-6.79,11.51,2.39,72.03,34616
-158.50,-6.93,11.51,2.36,72.03,34657
-158.75,-6.99,11.73,2.38,72.21,34693
-159.05,-7.06,11.82,2.36,72.03,34729
-159.51,-7.11,11.87,2.35,72.03,34767
-160.03,-7.18,11.97,2.40,71.85,34804
-160.40,-7.15,11.93,2.37,72.03,34840
-160.83,-7.05,11.79,2.38,72.03,34878
-161.15,-6.98,11.75,2.40,72.03,34915
-161.35,-7.03,11.66,2.40,72.03,34954
-161.50,-7.16,11.82,2.38,72.03,34993
-161.57,-7.26,12.11,2.40,72.03,35030
-161.64,-7.40,12.63,2.33,72.03,35072
-161.72,-7.33,12.73,2.36,72.03,35110
-161.76,-7.44,12.96,2.35,72.03,35150
-161.79,-7.69,13.57,2.38,71.85,35195
-161.81,-7.79,13.92,2.34,72.03,35231
-161.83,-7.95,14.19,2.38,71.85,35269
-161.95,-7.98,14.17,2.35,71.85,35309
-162.10,-8.00,13.75,2.38,72.03,35348
-162.22,-8.12,13.14,2.36,71.85,35388
-162.32,-8.32,12.42,2.38,72.03,35427
-162.31,-8.75,11.91,2.38,72.03,35467
-162.29,-9.23,11.64,2.36,72.03,35507
-162.34,-9.72,11.25,2.36,72.03,35545
-162.46,-10.12,10.49,2.36,72.03,35585
-162.75,-10.28,9.32,2.40,72.03,35625
-163.10,-10.42,7.89,2.40,71.31,35665
-163.40,-10.55,6.65,2.38,72.03,35708
-163.53,-10.67,6.09,2.38,72.03,35746
-163.54,-10.91,6.02,2.38,72.03,35784
-163.58,-11.04,6.08,2.35,72.03,35822
-163.83,-11.09,6.01,2.34,72.03,35864
-164.11,-11.06,5.89,2.36,72.03,35902
-164.57,-11.02,5.86,2.35,72.03,35942
-165.09,-10.87,5.95,2.38,72.03,35982
-165.57,-10.79,6.18,2.39,72.03,36021
-166.04,-10.76,6.23,2.34,72.03,36061
-166.33,-10.64,6.15,2.37,72.03,36100
-166.31,-10.60,6.17,2.37,72.03,36139
-166.03,-10.70,6.40,2.37,72.03,36179
-165.78,-10.73,6.27,2.37,72.03,36218
-165.75,-10.82,5.39,2.41,72.03,36256
-165.80,-11.06,4.66,2.37,72.03,36298
-165.85,-11.48,4.19,2.37,72.03,36337
-165.83,-12.14,3.84,2.38,72.03,36377
-165.75,-12.78,3.59,2.42,72.03,36417
-165.78,-13.29,3.13,2.39,72.03,36456
-165.78,-13.71,2.85,2.34,72.03,36496
-165.79,-13.94,2.75,2.37,72.03,36534
-166.00,-14.13,2.58,2.38,72.03,36576
-166.12,-14.20,2.60,2.38,72.03,36612
-166.30,-14.32,2.86,2.35,72.03,36653
-166.60,-14.33,3.20,2.33,72.03,36692
-167.04,-14.24,3.52,2.35,72.03,36732
-167.55,-14.02,4.36,2.37,72.03,36777
-167.97,-13.80,4.66,2.34,72.03,36813
-168.46,-13.55,4.95,2.37,72.03,36851
-168.88,-13.34,5.20,2.37,72.03,36890
-169.26,-13.19,5.32,2.37,72.03,36930
-169.62,-13.04,5.19,2.38,72.03,36970
-169.97,-12.77,4.93,2.36,72.03,37009
-170.31,-12.43,4.70,2.40,72.03,37049
-170.53,-12.42,4.61,2.38,72.03,37089
-170.66,-12.55,4.79,2.38,72.03,37128
-170.83,-12.54,5.04,2.39,72.03,37167
-171.01,-12.45,5.40,2.37,71.13,37206
-171.16,-12.45,5.75,2.33,72.03,37245
-171.60,-12.31,5.92,2.34,72.03,37290
-172.02,-12.14,5.89,2.38,72.03,37328
-172.33,-12.05,5.99,2.33,72.03,37364
-172.81,-11.88,5.83,2.33,72.03,37404
-173.30,-11.67,5.76,2.34,72.03,37444
-173.77,-11.45,5.58,2.36,72.03,37483
-174.24,-11.31,5.16,2.35,72.03,37523
-175.18,-11.10,4.15,2.38,72.03,37588
-175.55,-11.01,3.82,2.37,72.03,37624
-176.01,-10.87,3.41,2.37,72.03,37662
-176.37,-10.85,3.07,2.38,72.38,37699
-176.60,-10.81,2.81,2.39,72.03,37735
-176.94,-10.70,2.51,2.41,72.03,37772
-177.35,-10.64,2.18,2.38,72.03,37810
-177.77,-10.53,2.00,2.38,72.03,37850
-178.12,-10.47,2.01,2.32,72.21,37886
-178.58,-10.40,2.21,2.35,72.03,37923
-179.04,-10.31,2.44,2.38,72.03,37961
-179.42,-10.23,2.47,2.36,72.21,37997
-179.94,-10.11,2.44,2.37,72.03,38037
179.56,-9.99,2.38,2.38,72.21,38076
179.00,-9.86,2.01,2.35,72.03,38114
178.37,-9.71,1.39,2.37,72.03,38152
177.97,-9.57,1.10,2.40,72.03,38187
177.52,-9.34,0.76,2.34,72.03,38225
177.01,-9.06,0.11,2.38,72.03,38263
176.61,-8.90,-0.41,2.37,72.03,38301
176.27,-8.76,-0.46,2.36,72.21,38339
175.93,-8.69,-0.21,2.38,72.03,38382
175.71,-8.69,0.09,2.36,72.03,38418
175.35,-8.68,0.37,2.37,72.03,38455
174.98,-8.55,0.40,2.36,72.03,38492
174.72,-8.45,0.28,2.38,72.21,38527
174.39,-8.35,0.18,2.37,72.03,38566
174.17,-8.27,0.12,2.36,72.03,38603
173.98,-8.24,0.11,2.37,72.03,38641
173.83,-8.24,-0.08,2.35,72.03,38677
173.57,-8.14,-0.25,2.33,72.03,38717
173.21,-8.02,-0.39,2.33,72.03,38755
172.76,-7.96,-0.83,2.36,72.03,38794
172.15,-7.93,-1.23,2.36,72.03,38833
171.46,-7.80,-1.75,2.36,72.03,38870
170.70,-7.72,-2.42,2.35,72.21,38912
170.14,-7.65,-2.90,2.37,72.03,38949
169.40,-7.58,-3.72,2.37,72.03,38986
168.64,-7.46,-4.73,2.38,72.03,39024
167.86,-7.34,-5.75,2.35,72.03,39063
167.12,-7.27,-6.66,2.37,72.21,39102
166.52,-7.23,-7.21,2.38,72.03,39139
165.74,-7.27,-8.09,2.35,72.03,39179
165.02,-7.26,-8.87,2.38,72.03,39217
164.41,-7.28,-9.52,2.33,72.03,39255
163.89,-7.37,-9.89,2.39,72.03,39294
163.54,-7.44,-9.78,2.39,72.21,39332
163.31,-7.42,-9.43,2.37,72.21,39370
162.93,-7.27,-8.61,2.35,72.03,39409
162.28,-7.27,-7.10,2.35,72.03,39453
161.86,-7.31,-5.86,2.41,72.03,39489
161.47,-7.22,-3.75,2.38,72.21,39526
161.16,-7.04,-1.39,2.37,72.03,39564
161.01,-6.72,1.43,2.38,72.03,39602
160.97,-6.46,3.54,2.38,72.21,39638
160.71,-6.07,5.91,2.34,72.03,39676
160.17,-5.56,7.74,2.36,72.03,39714
159.67,-5.24,8.83,2.41,71.85,39750
159.02,-4.78,10.03,2.37,72.03,39789
158.43,-4.38,11.03,2.37,72.21,39828
157.87,-4.01,11.98,2.36,72.21,39866
157.48,-3.74,13.02,2.36,72.03,39905
157.12,-3.37,13.71,2.41,72.21,39943
156.74,-3.01,14.00,2.39,72.21,39986
156.46,-2.82,13.99,2.40,71.67,40021
156.21,-2.61,14.09,2.36,72.03,40058
156.18,-2.38,14.59,2.38,72.03,40097
156.25,-2.05,15.04,2.35,72.03,40135
156.39,-1.87,15.41,2.35,72.03,40174
156.52,-1.84,15.61,2.37,72.21,40211
156.74,-1.87,15.99,2.39,72.03,40251
157.00,-1.96,16.47,2.33,72.03,40289
157.27,-2.09,17.07,2.38,72.03,40328
157.45,-2.18,17.88,2.36,72.21,40366
157.63,-2.35,18.88,2.37,72.03,40404
157.72,-2.42,19.89,2.39,72.03,40443
157.89,-2.66,21.35,2.40,72.21,40507
158.00,-2.76,22.20,2.38,72.03,40548
158.04,-2.79,22.76,2.39,72.03,40585
158.06,-2.81,23.03,2.39,72.03,40621
158.00,-2.82,23.15,2.36,72.03,40658
157.92,-2.84,23.24,2.37,72.56,40695
157.85,-2.92,23.24,2.40,72.03,40731
157.74,-2.95,23.11,2.36,72.21,40768
157.64,-3.00,22.90,2.35,72.03,40806
157.58,-3.10,22.68,2.37,72.92,40842
157.56,-3.16,22.24,2.36,72.21,40878
157.70,-3.27,21.84,2.37,72.03,40916
157.82,-3.32,21.54,2.37,72.03,40952
157.86,-3.45,20.91,2.37,72.21,40989
157.72,-3.58,20.15,2.38,72.03,41030
157.47,-3.73,19.27,2.33,72.03,41067
157.29,-3.80,18.72,2.39,72.03,41103
157.21,-3.99,18.29,2.39,72.21,41140
157.17,-4.09,17.85,2.37,72.21,41177
157.23,-4.14,17.66,2.38,72.21,41213
157.33,-4.22,17.54,2.37,72.03,41251
157.32,-4.23,17.27,2.36,72.03,41290
157.27,-4.32,17.14,2.34,72.21,41328
157.19,-4.47,16.99,2.37,72.21,41367
156.99,-4.44,16.47,2.37,72.21,41405
156.84,-4.42,16.06,2.37,72.21,41443
156.71,-4.33,15.46,2.34,72.21,41482
156.64,-4.21,14.91,2.37,72.21,41521
156.63,-4.05,14.48,2.38,72.03,41562
156.72,-3.97,14.31,2.34,72.38,41599
156.81,-3.87,13.97,2.37,72.21,41637
156.82,-3.86,13.66,2.36,72.21,41673
156.73,-3.84,13.03,2.37,72.21,41713
156.63,-3.96,12.43,2.37,72.21,41751
156.50,-4.09,11.96,2.36,72.03,41790
156.45,-4.28,11.65,2.38,72.21,41829
156.43,-4.41,11.41,2.39,72.21,41867
156.36,-4.46,11.12,2.40,72.03,41905
156.20,-4.63,10.92,2.42,72.21,41943
156.04,-4.85,10.80,2.38,72.21,41982
155.74,-5.03,10.62,2.37,72.21,42020
155.38,-5.29,10.42,2.37,72.21,42059
155.07,-5.35,10.12,2.38,72.03,42101
154.53,-5.27,9.16,2.37,72.38,42139
154.03,-5.17,7.99,2.38,72.03,42175
153.22,-5.06,5.91,2.42,72.21,42212
152.35,-5.05,3.58,2.39,72.21,42250
151.83,-5.12,2.06,2.39,72.21,42285
151.48,-5.21,0.91,2.37,72.21,42323
151.30,-5.31,0.15,2.37,72.21,42361
151.12,-5.41,-0.78,2.37,72.21,42398
151.02,-5.61,-1.19,2.36,72.03,42436
150.92,-5.71,-1.55,2.38,72.21,42475
150.68,-5.77,-2.17,2.40,72.03,42514
150.30,-5.71,-3.17,2.38,72.21,42553
149.87,-5.81,-4.07,2.37,71.85,42591
149.53,-5.86,-4.90,2.35,72.03,42633
149.19,-5.82,-5.40,2.39,72.21,42670
148.89,-5.87,-5.78,2.36,72.21,42706
148.41,-5.77,-5.96,2.37,72.21,42744
147.87,-5.64,-6.38,2.37,72.21,42783
147.41,-5.39,-6.30,2.37,72.21,42822
147.01,-5.15,-6.04,2.35,72.21,42860
146.61,-4.96,-5.61,2.38,72.21,42899
146.20,-4.67,-5.50,2.38,72.21,42936
145.67,-4.14,-5.84,2.37,72.21,42976
145.21,-3.59,-5.86,2.38,72.21,43013
144.95,-3.22,-5.66,2.35,72.03,43052
144.77,-2.94,-5.49,2.37,72.21,43091
144.60,-2.71,-5.31,2.36,72.21,43129
144.29,-2.52,-5.34,2.37,72.21,43171
143.77,-2.27,-5.58,2.39,72.21,43209
143.34,-2.05,-6.05,2.40,72.03,43245
142.63,-1.77,-6.58,2.36,72.21,43283
141.95,-1.48,-7.11,2.40,72.21,43322
141.28,-1.27,-7.83,2.37,72.21,43361
140.77,-1.17,-8.15,2.39,72.03,43397
139.85,-1.10,-9.30,2.38,72.21,43458
139.03,-1.08,-10.62,2.37,72.21,43501
138.52,-0.98,-11.55,2.37,72.21,43537
137.79,-1.06,-12.31,2.36,72.21,43574
137.04,-1.12,-12.85,2.39,72.21,43612
136.51,-1.19,-13.38,2.38,72.21,43647
135.74,-1.45,-13.47,2.36,72.03,43684
135.18,-1.63,-13.63,2.41,72.21,43718
134.41,-1.84,-13.94,2.38,72.21,43755
133.57,-2.05,-13.41,2.37,72.21,43793
132.73,-2.07,-13.00,2.36,72.21,43832
131.68,-2.03,-12.27,2.40,72.21,43872
130.47,-1.88,-11.71,2.38,72.21,43911
129.40,-1.71,-10.98,2.36,72.21,43948
127.80,-1.21,-10.42,2.37,72.03,43990
127.00,-0.88,-10.00,2.38,72.21,44028
126.07,-0.15,-9.66,2.38,72.21,44068
125.50,0.56,-9.33,2.34,72.21,44107
125.36,1.12,-8.50,2.36,72.21,44144
125.40,1.94,-7.93,2.36,72.21,44182
125.35,2.74,-7.31,2.37,72.03,44223
125.10,3.32,-7.34,2.41,72.03,44259
124.63,3.92,-7.39,2.37,72.21,44297
123.98,4.33,-7.16,2.37,72.21,44333
123.38,4.43,-6.77,2.41,72.03,44369
122.65,4.60,-6.75,2.40,72.03,44406
122.05,4.94,-6.79,2.36,72.03,44444
121.42,5.52,-7.12,2.39,72.21,44482
120.83,6.00,-7.55,2.39,72.21,44518
119.97,6.34,-8.18,2.36,72.21,44557
119.11,6.50,-8.96,2.38,72.21,44594
118.50,6.73,-9.47,2.37,72.21,44630
117.83,6.99,-9.69,2.35,72.21,44668
117.31,7.12,-9.89,2.37,72.21,44706
116.83,7.27,-10.27,2.37,72.21,44747
116.31,7.59,-10.52,2.37,72.21,44784
115.83,7.88,-10.64,2.38,72.03,44820
115.01,8.17,-10.77,2.37,72.21,44859
114.03,8.40,-11.03,2.38,72.21,44898
112.99,8.86,-11.24,2.37,72.21,44936
112.05,9.39,-10.93,2.37,72.21,44974
111.21,9.85,-10.71,2.41,72.21,45013
110.60,10.27,-10.70,2.37,72.03,45050
109.84,10.75,-10.53,2.35,72.21,45091
108.99,11.07,-10.26,2.41,72.21,45130
108.08,11.15,-9.82,2.33,72.21,45170
107.17,11.15,-9.26,2.39,72.21,45208
106.40,10.92,-8.32,2.39,72.21,45247
105.77,10.83,-7.06,2.38,72.03,45289
105.21,10.91,-6.29,2.37,72.21,45326
104.81,11.07,-5.46,2.37,72.03,45364
104.57,11.20,-4.81,2.39,72.03,45399
104.18,11.33,-4.21,2.38,72.21,45439
103.76,11.39,-3.44,2.38,72.21,45477
103.29,11.32,-2.46,2.37,72.21,45516
102.80,11.24,-1.22,2.38,72.21,45555
102.47,11.24,0.23,2.37,72.21,45592
102.06,11.19,2.54,2.34,72.21,45631
101.63,11.14,4.62,2.37,72.21,45668
101.06,11.01,6.02,2.39,72.03,45706
100.47,10.89,6.54,2.37,72.21,45741
99.71,10.97,7.63,2.38,72.03,45780
98.83,10.81,8.62,2.37,72.21,45821
97.63,10.64,8.90,2.34,72.21,45858
96.32,10.87,8.94,2.38,72.21,45895
95.44,11.06,9.16,2.36,72.21,45931
94.43,11.45,9.45,2.36,72.21,45968
93.57,11.94,9.41,2.37,72.03,46006
92.97,12.16,9.17,2.37,72.21,46041
92.26,12.47,8.86,2.36,72.21,46078
91.86,12.76,9.06,2.37,72.03,46115
91.64,13.03,8.84,2.38,72.03,46152
91.43,13.33,8.23,2.35,72.21,46189
91.36,13.52,7.88,2.37,72.21,46226
91.37,13.58,7.68,2.38,72.21,46262
91.34,13.52,7.12,2.38,72.21,46298
91.32,13.43,6.51,2.37,72.21,46336
91.19,13.51,4.96,2.37,72.21,46398
90.97,13.60,3.80,2.38,72.21,46440
90.61,13.65,2.51,2.36,72.21,46477
90.21,13.63,1.58,2.36,72.21,46513
89.65,13.59,0.57,2.38,71.85,46549
88.93,13.81,-0.69,2.33,72.03,46586
88.30,14.05,-1.47,2.36,72.38,46623
87.43,14.64,-2.04,2.38,72.21,46660
86.52,15.17,-2.40,2.35,72.21,46697
85.74,15.40,-2.76,2.37,72.03,46733
84.68,15.71,-3.25,2.37,71.85,46770
83.72,15.98,-3.50,2.38,72.03,46807
83.10,16.13,-3.62,2.36,72.03,46843
82.50,16.20,-3.73,2.36,72.21,46880
82.11,16.27,-3.61,2.35,72.03,46921
81.88,16.21,-3.15,2.36,72.03,46958
81.73,16.25,-2.79,2.37,72.03,46995
81.47,16.17,-1.98,2.38,72.21,47032
81.26,15.98,-0.64,2.37,72.03,47069
81.05,15.78,0.54,2.39,72.03,47104
80.63,15.46,2.21,2.38,72.21,47142
80.04,15.14,3.33,2.37,72.21,47179
79.53,14.86,4.57,2.37,72.03,47215
78.74,14.42,6.20,2.37,72.03,47252
78.04,13.92,8.52,2.36,72.03,47290
77.64,13.69,10.00,2.38,72.21,47326
77.28,13.41,12.05,2.38,72.21,47362
76.83,12.99,14.08,2.36,72.03,47399
76.46,12.76,15.25,2.37,72.03,47436
75.94,12.45,17.16,2.38,72.03,47478
75.57,12.20,18.24,2.38,72.21,47514
75.17,11.98,18.75,2.38,72.21,47551
74.80,11.86,18.29,2.37,72.03,47589
74.67,11.72,18.03,2.36,72.21,47625
74.70,11.62,17.41,2.37,72.03,47661
74.75,11.64,16.29,2.38,71.85,47699
74.63,11.50,15.68,2.37,72.03,47735
74.34,11.30,15.29,2.37,72.03,47772
73.90,11.15,15.27,2.38,72.21,47810
73.69,11.24,15.13,2.39,72.03,47846
73.72,11.20,15.57,2.40,72.03,47883
74.13,11.11,16.27,2.37,72.21,47919
74.46,11.03,17.32,2.38,72.21,47956
74.68,10.69,18.72,2.37,72.21,47997
74.71,10.59,20.09,2.38,72.03,48034
74.60,10.44,21.62,2.38,72.03,48071
74.36,10.46,22.62,2.37,72.21,48107
73.91,10.42,23.48,2.38,72.21,48145
73.40,10.43,23.70,2.37,72.03,48182
73.06,10.57,23.99,2.38,72.21,48217
72.70,10.79,24.10,2.37,72.03,48254
72.34,11.07,23.56,2.37,72.21,48291
72.01,11.29,23.00,2.38,72.21,48327
71.44,11.22,22.28,2.38,72.21,48365
71.02,11.08,21.25,2.37,72.03,48402
70.83,10.94,20.35,2.37,72.21,48438
70.74,10.63,19.51,2.37,72.03,48474
70.78,10.38,18.34,2.36,72.21,48515
70.84,10.20,17.31,2.37,72.03,48552
70.78,9.86,16.58,2.39,72.03,48590
70.60,9.70,16.29,2.35,72.03,48626
70.20,9.42,16.23,2.37,72.21,48663
69.71,9.26,15.95,2.37,72.03,48701
69.46,9.11,16.17,2.38,72.03,48737
69.12,8.81,16.39,2.37,72.03,48773
68.84,8.51,17.08,2.37,72.03,48810
68.77,8.53,17.92,2.37,72.21,48846
68.46,8.35,18.77,2.36,72.21,48883
68.23,8.10,19.72,2.38,72.21,48921
68.21,8.06,20.77,2.38,72.21,48957
67.88,8.16,21.01,2.37,72.03,48994
67.38,7.86,21.84,2.38,72.03,49031
66.87,7.71,22.46,2.38,72.03,49071
66.81,7.16,23.94,2.35,72.21,49108
66.44,6.80,24.26,2.37,72.03,49145
66.15,6.97,25.01,2.36,72.21,49182
66.46,7.21,25.63,2.40,72.21,49218
66.36,8.43,23.89,2.39,72.03,49276
66.00,8.38,23.42,2.39,72.03,49317
65.70,8.41,23.76,2.38,72.21,49354
65.22,8.31,22.78,2.36,72.21,49390
65.09,8.50,22.16,2.36,72.03,49427
65.12,8.80,21.64,2.39,72.21,49465
64.74,6.19,21.89,2.40,72.21,49501
64.92,6.78,20.20,2.40,72.21,49537
65.26,8.15,18.58,2.38,72.21,49574
65.67,7.95,16.53,2.39,72.21,49615
66.40,9.18,14.27,2.34,72.03,49652
66.27,7.72,14.69,2.36,72.21,49688
65.81,6.89,13.73,2.33,72.03,49725
67.47,9.03,12.26,2.33,72.03,49761
66.63,8.60,10.40,2.38,72.21,49797
66.34,8.22,7.73,2.43,72.21,49834
67.49,8.41,5.54,2.46,72.21,49870
66.25,9.18,3.31,2.41,71.67,49907
65.94,8.81,1.05,2.33,72.03,49945
64.64,10.84,-0.04,2.42,72.21,49980
64.64,10.48,-1.54,2.39,72.21,50018
63.86,10.56,-2.58,2.38,72.21,50055
63.60,10.54,-4.61,2.41,72.21,50090
62.43,12.04,-5.88,2.39,72.21,50127
62.73,13.01,-7.05,2.36,72.21,50168
62.34,14.01,-7.95,2.31,72.21,50205
61.79,12.92,-9.07,2.38,72.21,50241
61.70,13.83,-10.17,2.33,72.21,50279
61.12,14.36,-11.44,2.34,72.21,50316
60.74,14.43,-11.76,2.35,72.21,50351
59.78,14.45,-13.14,2.33,72.21,50389
58.71,15.05,-14.61,2.39,72.03,50426
58.07,15.11,-14.83,2.36,72.21,50462
57.04,15.39,-15.61,2.32,72.21,50499
55.92,15.09,-16.45,2.44,72.21,50536
55.14,14.51,-16.93,2.38,71.85,50573
53.95,13.68,-17.76,2.36,72.21,50610
52.75,12.65,-18.07,2.36,72.21,50646
49.03,9.65,-17.03,2.41,72.56,50763
46.62,7.91,-15.14,2.41,72.21,50853
45.97,7.49,-14.41,2.36,72.21,50889
45.13,6.84,-13.45,2.38,72.21,50926
44.46,6.46,-13.08,2.35,72.21,50962
43.64,5.87,-12.43,2.37,72.21,50999
42.89,5.16,-11.61,2.36,72.21,51036
42.46,4.64,-10.75,2.37,72.21,51071
41.81,3.99,-10.10,2.37,72.21,51108
41.26,3.32,-9.34,2.39,72.21,51146
40.77,2.88,-9.06,2.36,72.21,51182
40.22,2.47,-8.52,2.37,72.21,51219
39.58,2.24,-8.26,2.36,72.21,51256
39.11,2.22,-7.76,2.39,72.21,51292
38.40,2.68,-7.38,2.38,72.21,51331
37.81,3.62,-6.49,2.38,72.21,51368
37.37,4.64,-5.90,2.41,72.03,51404
36.76,6.77,-4.85,2.36,72.21,51441
36.12,9.78,-4.35,2.37,72.21,51478
35.69,12.45,-3.87,2.31,72.21,51514
35.23,16.21,-4.04,2.34,72.21,51551
34.96,20.05,-4.16,2.22,72.21,51587
34.90,22.48,-5.20,2.29,72.21,51623
34.91,25.35,-5.89,2.37,72.03,51660
35.08,27.73,-6.84,2.38,72.03,51697
35.15,29.54,-7.83,2.38,72.21,51733
35.47,31.76,-8.78,2.39,72.21,51770
35.57,33.98,-9.65,2.39,72.21,51807
35.55,35.95,-11.15,2.39,72.21,51848
35.67,37.47,-11.57,2.40,72.21,51883
35.78,39.11,-13.49,2.30,72.21,51920
36.04,40.52,-14.46,2.56,72.03,51957
36.07,41.25,-15.33,2.50,72.21,51993
36.44,42.39,-15.91,2.42,72.21,52030
37.18,43.47,-16.56,2.40,72.21,52068
38.08,44.43,-16.83,2.39,72.21,52104
39.10,45.03,-16.79,2.39,72.21,52140
40.06,44.68,-16.28,2.36,72.21,52177
40.22,43.49,-16.17,2.38,72.21,52213
39.99,41.39,-14.81,2.34,72.21,52250
38.78,38.43,-13.58,2.38,72.21,52310
38.03,37.15,-13.45,2.38,72.21,52346
35.92,35.46,-12.34,2.38,72.03,52388
34.93,34.74,-13.49,2.37,72.21,52424
33.00,33.99,-12.97,2.38,72.03,52461
31.53,34.20,-14.26,2.39,72.21,52498
30.16,35.11,-14.00,2.35,72.21,52534
29.18,36.98,-13.80,2.38,72.21,52570
28.48,38.81,-13.32,2.37,72.21,52606
28.66,41.42,-13.72,2.37,72.03,52643
28.94,43.81,-14.96,2.38,72.21,52680
29.87,45.57,-15.76,2.38,72.03,52716
30.00,47.52,-15.13,2.38,72.21,52754
30.26,48.84,-13.33,2.37,72.21,52791
29.53,48.82,-12.00,2.38,72.21,52826
28.82,47.93,-10.79,2.37,72.03,52863
27.24,46.71,-10.30,2.38,72.21,52904
26.00,45.77,-10.18,2.36,72.03,52941
24.67,45.47,-10.25,2.36,72.03,52977
23.79,45.46,-11.24,2.37,72.03,53014
22.20,45.50,-11.58,2.38,72.03,53053
21.45,45.87,-12.87,2.37,72.21,53092
19.87,46.43,-13.29,2.37,72.03,53130
19.13,46.78,-13.95,2.38,72.03,53167
17.32,47.37,-14.12,2.38,72.03,53206
15.81,47.93,-14.28,2.37,72.03,53245
13.00,47.90,-13.28,2.37,72.03,53284
10.99,47.42,-13.45,2.37,72.03,53322
8.21,46.66,-12.75,2.37,72.03,53361
7.01,46.28,-13.30,2.37,72.03,53397
4.11,45.95,-12.87,2.37,72.03,53441
2.69,45.63,-13.16,2.38,72.03,53477
0.22,45.26,-12.24,2.37,72.03,53514
-1.36,44.66,-12.81,2.37,72.03,53550
-2.85,44.21,-12.69,2.37,72.03,53586
-14.44,43.43,-13.73,2.32,72.03,53625
